function [c, ceq] = hs118c( x )
    c(1) = x(3*1 + 1) - x(3*1 - 2) + 7 - 13;
    c(2) = x(3*2 + 1) - x(3*2 - 2) + 7 - 13;
    c(3) = x(3*3 + 1) - x(3*3 - 2) + 7 - 13;
    c(4) = x(3*4 + 1) - x(3*4 - 2) + 7 - 13;
    c(5) = x(3*1 + 2) - x(3*1 - 1) + 7 - 14;
    c(6) = x(3*2 + 2) - x(3*2 - 1) + 7 - 14;
    c(7) = x(3*3 + 2) - x(3*3 - 1) + 7 - 14;
    c(8) = x(3*4 + 2) - x(3*4 - 1) + 7 - 14;
    c(9) = x(3*1 + 3) - x(3*1) + 7 - 13;
    c(10) = x(3*2 + 3) - x(3*2) + 7 - 13;
    c(11) = x(3*3 + 3) - x(3*3) + 7 - 13;
    c(12) = x(3*4 + 3) - x(3*4) + 7 - 13;
    c(13) = -x(1) - x(2) - x(3) + 60;
    c(14) = -x(4) - x(5) - x(6) + 50;
    c(15) = -x(7) - x(8) - x(9) + 70;
    c(16) = -x(10) - x(11) - x(12) + 85;
    c(17) = -x(13) - x(14) - x(15) + 100;
    ceq = [];
end